0.000176917 0.000140853 0.000142148 0.000143272 -0.000116454 0.000141603 -5.71474e-05 0.000144065 0.000313158
 0.000140853 0.000146403 0.000139445 0.000140539 -0.0001173 0.00013895 -5.85114e-05 0.000141331 0.000309066
 0.000142148 0.000139445 0.000148944 0.000141815 -0.00011558 0.000140305 -5.66243e-05 0.00014264 0.000310387
 0.000143272 0.000140539 0.000141815 0.000151275 -0.000117002 0.0001413 -5.73833e-05 0.000143749 0.000312884
 -0.000116454 -0.0001173 -0.00011558 -0.000117002 0.000118895 -0.000117173 -5.00213e-05 -0.000116731 -0.000385556
 0.000141603 0.00013895 0.000140305 0.0001413 -0.000117173 0.000966522 -5.83299e-05 0.000142086 0.000311236
 -5.71474e-05 -5.85114e-05 -5.66243e-05 -5.73833e-05 -5.00213e-05 -5.83299e-05 0.00293647 -5.69285e-05 -0.000461142
 0.000144065 0.000141331 0.00014264 0.000143749 -0.000116731 0.000142086 -5.69285e-05 0.000152971 0.000314146
 0.000313158 0.000309066 0.000310387 0.000312884 -0.000385556 0.000311236 -0.000461142 0.000314146 0.00173261