0.00426836 -4.18557e-06 -2.78296e-06 2.02292e-06 0.00133693 0.00426836 7.23432e-05 -3.15738e-05 -5.24472e-07 -2.58784e-06 3.89752e-05
 -4.18557e-06 0.000488115 0.000438405 0.000375288 3.27102e-08 -4.18557e-06 -1.80772e-05 7.28111e-06 -4.34536e-07 0.000416516 2.0853e-05
 -2.78296e-06 0.000438405 0.000455628 0.000540676 -8.6844e-07 -2.78296e-06 -2.35892e-05 7.33761e-06 1.28218e-06 0.000435707 0.00167956
 2.02292e-06 0.000375288 0.000540676 0.000998767 -6.57181e-07 2.02292e-06 -4.03392e-05 8.51316e-06 5.23876e-06 0.000523616 0.00592164
 0.00133693 3.27102e-08 -8.6844e-07 -6.57181e-07 0.00630999 0.00133693 -5.92249e-05 -9.39262e-06 -7.1304e-07 -8.34653e-07 6.87939e-07
 0.00426836 -4.18557e-06 -2.78296e-06 2.02292e-06 0.00133693 0.00426836 7.23432e-05 -3.15738e-05 -5.24472e-07 -2.58784e-06 3.89752e-05
 7.23432e-05 -1.80772e-05 -2.35892e-05 -4.03392e-05 -5.92249e-05 7.23432e-05 0.0462583 -6.47164e-05 4.55291e-05 -2.27993e-05 -0.000220425
 -3.15738e-05 7.28111e-06 7.33761e-06 8.51316e-06 -9.39262e-06 -3.15738e-05 -6.47164e-05 0.0171104 -1.6889e-05 7.02426e-06 5.81127e-05
 -5.24472e-07 -4.34536e-07 1.28218e-06 5.23876e-06 -7.1304e-07 -5.24472e-07 4.55291e-05 -1.6889e-05 0.00146159 1.29654e-06 4.08258e-05
 -2.58784e-06 0.000416516 0.000435707 0.000523616 -8.34653e-07 -2.58784e-06 -2.27993e-05 7.02426e-06 1.29654e-06 0.00041678 0.00167858
 3.89752e-05 2.0853e-05 0.00167956 0.00592164 6.87939e-07 3.89752e-05 -0.000220425 5.81127e-05 4.08258e-05 0.00167858 0.0505366