 0.00254666 4.39899e-07 4.27442e-07 1.63212e-06 0.00113514 0.00254666 2.98794e-06 2.21462e-06 -1.35343e-06 4.22512e-07 9.46349e-06
 4.39899e-07 0.00139354 0.000390055 0.000329841 -2.4179e-06 4.39899e-07 3.8443e-06 -3.10503e-06 -2.45439e-07 0.000390201 1.69209e-08
 4.27442e-07 0.000390055 0.000396957 0.000507496 -1.38692e-06 4.27442e-07 -3.38238e-06 -1.93738e-07 2.21157e-07 0.00039392 0.00130827
 1.63212e-06 0.000329841 0.000507496 0.00142065 -6.65353e-07 1.63212e-06 -1.12692e-05 1.70796e-06 8.99267e-07 0.000491329 0.00752954
 0.00113514 -2.4179e-06 -1.38692e-06 -6.65353e-07 0.00698249 0.00113514 -1.78693e-05 8.44596e-06 1.75528e-06 -1.40258e-06 4.74238e-06
 0.00254666 4.39899e-07 4.27442e-07 1.63212e-06 0.00113514 0.00254666 2.98794e-06 2.21462e-06 -1.35343e-06 4.22512e-07 9.46349e-06
 2.98794e-06 3.8443e-06 -3.38238e-06 -1.12692e-05 -1.78693e-05 2.98794e-06 0.0485626 8.74098e-06 3.00546e-06 -3.21038e-06 -6.82845e-05
 2.21462e-06 -3.10503e-06 -1.93738e-07 1.70796e-06 8.44596e-06 2.21462e-06 8.74098e-06 0.0131502 -6.68913e-07 -2.12361e-07 1.60028e-05
 -1.35343e-06 -2.45439e-07 2.21157e-07 8.99267e-07 1.75528e-06 -1.35343e-06 3.00546e-06 -6.68913e-07 0.000931484 2.06182e-07 6.40571e-06
 4.22512e-07 0.000390201 0.00039392 0.000491329 -1.40258e-06 4.22512e-07 -3.21038e-06 -2.12361e-07 2.06182e-07 0.000391226 0.00120381
 9.46349e-06 1.69209e-08 0.00130827 0.00752954 4.74238e-06 9.46349e-06 -6.82845e-05 1.60028e-05 6.40571e-06 0.00120381 0.0494146