1 -0.000873679 0.000497555 6.15436e-05 0.26966 1 -0.000458492 -0.00026665 0.000297111 0.000522571 -0.000263372 0.00139788
-0.000873679 1 0.525036 0.234925 0.000205329 -0.000873679 0.000739324 -2.98857e-05 3.56568e-05 0.529064 9.4661e-05 0.000443436
0.000497555 0.525036 1 0.675893 0.000209699 0.000497554 0.00119579 9.09052e-05 0.000416615 0.999594 0.295284 -0.0005096
6.15436e-05 0.234925 0.675893 1 0.000612774 6.15436e-05 0.00150712 0.000259222 0.000174755 0.659159 0.898566 -0.000363954
0.26966 0.000205329 0.000209699 0.000612774 1 0.26966 0.000622174 -0.00225851 -0.000553313 0.000203304 0.000672449 -0.00040919
1 -0.000873679 0.000497554 6.15436e-05 0.26966 1 -0.000458492 -0.00026665 0.000297111 0.000522571 -0.000263372 0.00139788
-0.000458492 0.000739324 0.00119579 0.00150712 0.000622174 -0.000458492 1 -4.09156e-05 -0.000145686 0.00118193 0.0012624 0.000290827
-0.00026665 -2.98857e-05 9.09052e-05 0.000259222 -0.00225851 -0.00026665 -4.09156e-05 1 -0.00019563 8.52465e-05 0.000178778 -0.000249671
0.000297111 3.56568e-05 0.000416615 0.000174755 -0.000553313 0.000297111 -0.000145686 -0.00019563 1 0.000421029 7.10517e-05 0.000821641
0.000522571 0.529064 0.999594 0.659159 0.000203304 0.000522571 0.00118193 8.52465e-05 0.000421029 1 0.273705 -0.000527655
-0.000263372 9.4661e-05 0.295284 0.898566 0.000672449 -0.000263372 0.0012624 0.000178778 7.10517e-05 0.273705 1 -7.38776e-05
0.00139788 0.000443436 -0.0005096 -0.000363954 -0.00040919 0.00139788 0.000290827 -0.000249671 0.000821641 -0.000527655 -7.38776e-05 1
