0.00254598 -1.64569e-06 5.00387e-07 1.17038e-07 0.00113881 0.00254598 -5.09876e-06 -1.54157e-06 4.57277e-07 5.21742e-07 -2.95398e-06 6.03118e-06
-1.64569e-06 0.0013936 0.000390657 0.000330534 6.41543e-07 -1.64569e-06 6.08288e-06 -1.27828e-07 4.06017e-08 0.000390804 7.85508e-07 1.41548e-06
5.00387e-07 0.000390657 0.00039726 0.00050773 3.49816e-07 5.00387e-07 5.25289e-06 2.07597e-07 2.53283e-07 0.000394224 0.00130824 -8.68502e-07
1.17038e-07 0.000330534 0.00050773 0.00142048 1.93297e-06 1.17038e-07 1.2519e-05 1.1194e-06 2.009e-07 0.000491575 0.00752797 -1.17292e-06
0.00113881 6.41543e-07 3.49816e-07 1.93297e-06 0.00700508 0.00113881 1.14769e-05 -2.16583e-05 -1.41257e-06 3.36693e-07 1.25105e-05 -2.92843e-06
0.00254598 -1.64569e-06 5.00387e-07 1.17038e-07 0.00113881 0.00254598 -5.09876e-06 -1.54157e-06 4.57277e-07 5.21742e-07 -2.95398e-06 6.03118e-06
-5.09876e-06 6.08288e-06 5.25289e-06 1.2519e-05 1.14769e-05 -5.09876e-06 0.0485748 -1.03321e-06 -9.79392e-07 5.15441e-06 6.18462e-05 5.48079e-06
-1.54157e-06 -1.27828e-07 2.07597e-07 1.1194e-06 -2.16583e-05 -1.54157e-06 -1.03321e-06 0.0131278 -6.83698e-07 1.93265e-07 4.55324e-06 -2.44607e-06
4.57277e-07 4.06017e-08 2.53283e-07 2.009e-07 -1.41257e-06 4.57277e-07 -9.79392e-07 -6.83698e-07 0.000930391 2.54113e-07 4.81745e-07 2.14298e-06
5.21742e-07 0.000390804 0.000394224 0.000491575 3.36693e-07 5.21742e-07 5.15441e-06 1.93265e-07 2.54113e-07 0.000391529 0.00120386 -8.92763e-07
-2.95398e-06 7.85508e-07 0.00130824 0.00752797 1.25105e-05 -2.95398e-06 6.18462e-05 4.55324e-06 4.81745e-07 0.00120386 0.0494107 -1.40419e-06
6.03118e-06 1.41548e-06 -8.68502e-07 -1.17292e-06 -2.92843e-06 6.03118e-06 5.48079e-06 -2.44607e-06 2.14298e-06 -8.92763e-07 -1.40419e-06 0.00731152
