1 0.000591646 0.000462503 9.01393e-05 0.256449 1 -0.000357864 -0.000197454 0.000156968 0.000452548 -0.000330432 0.00158888
 0.000591646 1 0.930139 0.536622 0.00010559 0.000591646 0.000974432 -6.97383e-06 0.000499465 0.923997 -0.000331559 -0.000720102
 0.000462503 0.930139 1 0.800051 0.000261607 0.000462503 0.00129718 0.000113696 0.000424897 0.999852 0.344515 -0.000721296
 9.01393e-05 0.536622 0.800051 1 0.000596036 9.01392e-05 0.00155065 0.000256572 0.000218477 0.810154 0.831584 -0.000715151
 0.256449 0.00010559 0.000261607 0.000596036 1 0.256449 0.000561684 -0.00215811 -0.000447893 0.000271399 0.000717809 -0.000226744
 1 0.000591646 0.000462503 9.01392e-05 0.256449 1 -0.000357864 -0.000197454 0.000156968 0.000452548 -0.000330432 0.00158888
 -0.000357864 0.000974432 0.00129718 0.00155065 0.000561684 -0.000357864 1 -4.3332e-05 -0.000106639 0.00131025 0.00126621 1.04769e-05
 -0.000197454 -6.97383e-06 0.000113696 0.000256572 -0.00215811 -0.000197454 -4.3332e-05 1 -0.000145848 0.000118303 0.000167705 -0.000360327
 0.000156968 0.000499465 0.000424897 0.000218477 -0.000447893 0.000156968 -0.000106639 -0.000145848 1 0.000420854 8.1729e-05 0.000656511
 0.000452548 0.923997 0.999852 0.810154 0.000271399 0.000452548 0.00131025 0.000118303 0.000420854 1 0.360268 -0.000722931
 -0.000330432 -0.000331559 0.344515 0.831584 0.000717809 -0.000330432 0.00126621 0.000167705 8.1729e-05 0.360268 1 -0.000339222
 0.00158888 -0.000720102 -0.000721296 -0.000715151 -0.000226744 0.00158888 1.04769e-05 -0.000360327 0.000656511 -0.000722931 -0.000339222 1
