0.00425489 8.5558e-07 6.44626e-07 1.85512e-07 0.00133718 0.00425489 -5.02277e-06 -1.68123e-06 3.91759e-07 6.03193e-07 -4.84638e-06 9.66457e-06
8.5558e-07 0.000491484 0.000440607 0.000375349 1.8712e-07 8.5558e-07 4.64824e-06 -2.0181e-08 4.23667e-07 0.000418575 -1.65275e-06 -1.48866e-06
6.44626e-07 0.000440607 0.00045656 0.000539361 4.4683e-07 6.44626e-07 5.96391e-06 3.17111e-07 3.47374e-07 0.000436548 0.00165519 -1.43717e-06
1.85512e-07 0.000375349 0.000539361 0.000995464 1.50324e-06 1.85512e-07 1.05271e-05 1.05667e-06 2.63745e-07 0.00052231 0.00589943 -2.10406e-06
0.00133718 1.8712e-07 4.4683e-07 1.50324e-06 0.00638982 0.00133718 9.66091e-06 -2.25182e-05 -1.36988e-06 4.43303e-07 1.29016e-05 -1.69016e-06
0.00425489 8.5558e-07 6.44626e-07 1.85512e-07 0.00133718 0.00425489 -5.02277e-06 -1.68123e-06 3.91758e-07 6.03193e-07 -4.84638e-06 9.66457e-06
-5.02277e-06 4.64824e-06 5.96391e-06 1.05271e-05 9.66091e-06 -5.02277e-06 0.0462981 -1.21705e-06 -8.77935e-07 5.76083e-06 6.126e-05 2.10214e-07
-1.68123e-06 -2.0181e-08 3.17111e-07 1.05667e-06 -2.25182e-05 -1.68123e-06 -1.21705e-06 0.0170386 -7.28417e-07 3.15544e-07 4.92214e-06 -4.38592e-06
3.91759e-07 4.23667e-07 3.47374e-07 2.63745e-07 -1.36988e-06 3.91758e-07 -8.77935e-07 -7.28417e-07 0.00146396 3.29036e-07 7.03124e-07 2.34236e-06
6.03193e-07 0.000418575 0.000436548 0.00052231 4.43303e-07 6.03193e-07 5.76083e-06 3.15544e-07 3.29036e-07 0.000417538 0.00165526 -1.3775e-06
-4.84638e-06 -1.65275e-06 0.00165519 0.00589943 1.29016e-05 -4.84638e-06 6.126e-05 4.92214e-06 7.03124e-07 0.00165526 0.0505571 -7.11251e-06
9.66457e-06 -1.48866e-06 -1.43717e-06 -2.10406e-06 -1.69016e-06 9.66457e-06 2.10214e-07 -4.38592e-06 2.34236e-06 -1.3775e-06 -7.11251e-06 0.00869551
